1  0.9007314524555904
2  0.16844602609727166
3  0.7264957264957265
4  0.7192118226600985
5  0.6428571428571429
6  0.6689342403628118
7  0.5379644588045234
8  0.5916575192096597
9  0.7926267281105991
10  0.5577777777777778
11  0.5666666666666667
12  0.037894736842105266
13  0.5529100529100529
14  0.38555691554467564
15  0.46296296296296297
16  0.9259645464025026
17  0.4335483870967742
18  0.6958041958041958
19  0.36704119850187267
20  0.7187864644107351
21  0.018867924528301886
22  0.04918032786885246
23  0.4363827549947424
24  0.4812108559498956
25  0.28067484662576686
26  0.3774752475247525
27  0.34205020920502094
28  0.5005861664712778
29  0.37149817295980514
30  0.09523809523809523
31  0.7051546391752578
32  0.4856396866840731
33  0.2358974358974359
34  0.8524096385542169
35  0.583864118895966
36  0.18150087260034903
37  0.4327485380116959
38  0.8846572361262242
39  0.6522702104097453
40  0.41104972375690607
41  0.7911255411255411